0	137
0.13	146
0.26	118
0.39	137
0.52	139
0.65	118
0.78	153
0.91	121
1.04	137
1.17	142
1.3	113
1.43	123
1.56	133
1.69	137
1.82	153
1.95	146
2.08	120
2.21	127
2.34	150
2.47	120
2.6	135
2.73	155
2.86	121
2.99	112
3.12	153
3.25	145
3.38	132
3.51	93
3.64	161
3.77	121
3.9	121
4.03	137
4.16	136
4.29	140
4.42	128
4.55	139
4.68	131
4.81	138
4.94	88
5.07	57
5.2	66
5.33	97
5.46	120
5.59	119
5.72	129
5.85	137
5.98	134
6.11	129
6.24	140
6.37	113
6.5	107
6.63	136
6.76	124
6.89	113
7.02	114
7.15	66
7.28	79
7.41	89
7.54	82
7.67	81
7.8	94
7.93	67
8.06	70
8.19	62
8.32	77
8.45	80
8.58	76
8.71	71
8.84	67
8.97	61
9.1	67
9.23	50
9.36	73
9.49	48
9.62	72
9.75	31
9.88	84
10.01	63
10.14	64
10.27	71
10.4	82
10.53	64
10.66	67
10.79	73
10.92	68
11.05	72
11.18	72
11.31	45
11.44	54
11.57	58
11.7	67
11.83	61
11.96	68
12.09	63
12.22	68
12.35	68
12.48	66
12.61	55
12.74	70
12.87	62
13	68
13.13	69
13.26	96
13.39	104
13.52	116
13.65	122
13.78	120
13.91	125
14.04	96
14.17	73
14.3	49
14.43	56
14.56	64
14.69	66
14.82	72
14.95	83
15.08	73
15.21	51
15.34	75
15.47	63
15.6	56
15.73	57
15.86	52
15.99	69
16.12	63
16.25	58
16.38	52
16.51	56
16.64	61
16.77	66
16.9	75
17.03	51
17.16	58
17.29	61
17.42	51
17.55	61
17.68	50
17.81	57
17.94	56
18.07	77
18.2	62
18.33	37
18.46	70
18.59	79
18.72	65
18.85	50
18.98	57
19.11	82
19.24	55
19.37	53
19.5	68
19.63	67
19.76	69
19.89	45
20.02	53
20.15	74
20.28	52
20.41	57
20.54	41
20.67	52
20.8	56
20.93	52
21.06	52
21.19	53
21.32	70
21.45	80
21.58	114
21.71	107
21.84	123
21.97	107
22.1	115
22.23	111
22.36	110
22.49	129
22.62	121
22.75	129
22.88	118
23.01	108
23.14	90
23.27	68
23.4	66
23.53	121
23.66	118
23.79	133
23.92	108
24.05	121
24.18	105
24.31	125
24.44	83
24.57	56
24.7	59
24.83	49
24.96	59
25.09	54
25.22	43
25.35	51
25.48	49
25.61	56
25.74	74
25.87	52
26	58
26.13	47
26.26	62
26.39	55
26.52	62
26.65	60
26.78	52
26.91	58
27.04	58
27.17	56
27.3	56
27.43	54
27.56	59
27.69	54
27.82	50
27.95	64
28.08	63
28.21	59
28.34	61
28.47	75
28.6	54
28.73	61
28.86	66
28.99	62
29.12	54
29.25	50
29.38	78
29.51	63
29.64	110
29.77	87
29.9	126
30.03	101
30.16	126
30.29	106
30.42	99
30.55	104
30.68	88
30.81	59
30.94	51
31.07	60
31.2	45
31.33	60
31.46	74
31.59	67
31.72	67
31.85	66
31.98	63
32.11	48
32.24	58
32.37	66
32.5	67
32.63	59
32.76	53
32.89	70
33.02	56
33.15	63
33.28	43
33.41	49
33.54	50
33.67	52
33.8	53
33.93	54
34.06	66
34.19	49
34.32	65
34.45	50
34.58	52
34.71	56
34.84	59
34.97	53
35.1	59
35.23	65
35.36	75
35.49	66
35.62	53
35.75	58
35.88	63
36.01	69
36.14	64
36.27	70
36.4	55
36.53	73
36.66	59
36.79	49
36.92	63
37.05	60
37.18	50
37.31	48
37.44	68
37.57	59
37.7	102
37.83	119
37.96	105
38.09	117
38.22	120
38.35	56
38.48	64
38.61	59
38.74	45
38.87	62
39	64
39.13	60
39.26	62
39.39	65
39.52	59
39.65	92
39.78	130
39.91	125
40.04	131
40.17	130
40.3	107
40.43	115
40.56	100
40.69	123
40.82	65
40.95	63
41.08	77
41.21	105
41.34	115
41.47	110
41.6	123
41.73	90
41.86	125
41.99	95
42.12	102
42.25	123
42.38	90
42.51	101
42.64	109
42.77	110
42.9	129
43.03	121
43.16	124
43.29	120
43.42	108
43.55	112
43.68	110
43.81	108
43.94	104
44.07	107
44.2	112
44.33	120
44.46	88
44.59	107
44.72	105
44.85	90
44.98	105
45.11	97
45.24	88
45.37	115
45.5	102
45.63	108
45.76	89
45.89	147
46.02	103
46.15	114
46.28	128
46.41	118
46.54	98
46.67	113
46.8	122
46.93	104
47.06	97
47.19	121
47.32	122
47.45	129
47.58	111
47.71	111
47.84	130
47.97	119
48.1	107
48.23	112
48.36	102
48.49	107
48.62	95
48.75	96
48.88	112
49.01	101
49.14	100
49.27	117
49.4	112
49.53	97
49.66	127
49.79	50
49.92	63
50.05	55
50.18	54
50.31	41
50.44	50
50.57	63
50.7	56
50.83	58
50.96	70
51.09	61
51.22	67
51.35	66
51.48	54
51.61	72
51.74	64
51.87	51
52	67
52.13	54
52.26	53
52.39	46
52.52	54
52.65	78
52.78	71
52.91	85
53.04	116
53.17	111
53.3	98
53.43	100
53.56	127
53.69	104
53.82	112
53.95	121
54.08	117
54.21	97
54.34	102
54.47	111
54.6	103
54.73	110
54.86	119
54.99	117
55.12	99
55.25	98
55.38	104
55.51	114
55.64	102
55.77	115
55.9	108
56.03	110
56.16	123
56.29	110
56.42	121
56.55	110
56.68	102
56.81	116
56.94	132
57.07	106
57.2	85
57.33	112
57.46	125
57.59	104
57.72	109
57.85	114
57.98	99
58.11	123
58.24	123
58.37	78
58.5	134
58.63	110
58.76	117
58.89	119
59.02	111
59.15	116
59.28	130
59.41	104
59.54	113
59.67	93
59.8	79
59.93	70
60.06	82
60.19	62
60.32	70
60.45	54
60.58	52
60.71	53
60.84	61
60.97	81
61.1	100
61.23	107
61.36	122
61.49	108
61.62	101
61.75	113
61.88	86
62.01	61
62.14	50
62.27	87
62.4	98
62.53	121
62.66	100
62.79	109
62.92	95
63.05	126
63.18	110
63.31	100
63.44	130
63.57	82
63.7	127
63.83	109
63.96	128
64.09	91
64.22	133
64.35	114
64.48	116
64.61	119
64.74	88
64.87	117
65	90
65.13	114
65.26	120
65.39	104
65.52	117
65.65	111
65.78	126
65.91	86
66.04	130
66.17	111
66.3	89
66.43	106
66.56	121
66.69	62
66.82	58
66.95	54
67.08	72
67.21	40
67.34	62
67.47	70
67.6	62
67.73	54
67.86	58
67.99	49
68.12	50
68.25	55
68.38	45
68.51	50
68.64	44
68.77	51
68.9	61
69.03	52
69.16	58
69.29	55
69.42	59
69.55	69
69.68	52
69.81	58
69.94	60
70.07	64
70.2	63
70.33	69
70.46	57
70.59	45
70.72	56
70.85	56
70.98	36
71.11	46
71.24	54
71.37	45
71.5	33
71.63	50
71.76	60
71.89	56
72.02	103
72.15	102
72.28	51
72.41	44
72.54	57
72.67	54
72.8	56
72.93	53
73.06	48
73.19	91
73.32	52
73.45	64
73.58	67
73.71	52
73.84	55
73.97	56
74.1	56
74.23	59
74.36	73
74.49	63
74.62	49
74.75	50
74.88	50
75.01	59
75.14	51
75.27	49
75.4	64
75.53	63
75.66	58
75.79	48
75.92	53
76.05	68
76.18	60
76.31	61
76.44	54
76.57	52
76.7	63
76.83	61
76.96	48
77.09	61
77.22	59
77.35	74
77.48	60
77.61	70
77.74	58
77.87	44
78	55
78.13	47
78.26	60
78.39	48
78.52	62
78.65	42
78.78	71
78.91	51
79.04	70
79.17	46
79.3	62
79.43	51
79.56	44
79.69	69
79.82	60
79.95	38
80.08	43
80.21	51
80.34	60
80.47	67
80.6	64
80.73	49
80.86	57
80.99	60
81.12	42
81.25	60
81.38	61
81.51	58
81.64	53
81.77	53
81.9	70
82.03	59
82.16	59
82.29	51
82.42	56
82.55	47
82.68	70
82.81	55
82.94	49
83.07	64
83.2	49
83.33	48
83.46	50
83.59	49
83.72	55
83.85	60
83.98	61
84.11	52
84.24	57
84.37	51
84.5	46
84.63	63
84.76	56
84.89	61
85.02	68
85.15	48
85.28	35
85.41	65
85.54	60
85.67	52
85.8	59
85.93	49
86.06	52
86.19	55
86.32	56
86.45	47
86.58	48
86.71	60
86.84	64
86.97	54
87.1	58
87.23	44
87.36	46
87.49	99
87.62	107
87.75	135
87.88	116
88.01	92
88.14	89
88.27	108
88.4	120
88.53	120
88.66	102
88.79	103
88.92	107
89.05	125
89.18	86
89.31	91
89.44	108
89.57	106
89.7	116
89.83	98
89.96	106
90.09	100
90.22	107
90.35	113
90.48	89
90.61	82
90.74	98
90.87	103
91	105
91.13	69
91.26	93
91.39	93
91.52	137
91.65	154
91.78	131
91.91	126
92.04	127
92.17	140
92.3	103
92.43	122
92.56	88
92.69	132
92.82	99
92.95	100
93.08	100
93.21	104
93.34	76
93.47	144
93.6	108
93.73	106
93.86	111
93.99	36
94.12	53
94.25	39
94.38	62
94.51	75
94.64	88
94.77	102
94.9	105
95.03	103
95.16	70
95.29	95
95.42	95
95.55	120
95.68	85
95.81	105
95.94	109
96.07	128
96.2	127
96.33	115
96.46	98
96.59	112
96.72	132
96.85	101
96.98	100
97.11	103
97.24	111
97.37	85
97.5	109
97.63	94
97.76	87
97.89	99
98.02	102
98.15	97
98.28	100
98.41	104
98.54	121
98.67	107
98.8	116
98.93	106
99.06	128
99.19	109
99.32	109
99.45	109
99.58	126
99.71	105
99.84	86
99.97	101
100.1	93
100.23	89
100.36	121
100.49	89
100.62	44
100.75	73
100.88	60
101.01	57
101.14	49
101.27	64
101.4	60
101.53	70
101.66	38
101.79	64
101.92	70
102.05	47
102.18	76
102.31	48
102.44	60
102.57	52
102.7	54
102.83	59
102.96	46
103.09	63
103.22	62
103.35	56
103.48	51
103.61	56
103.74	47
103.87	45
104	71
104.13	75
104.26	45
104.39	53
104.52	54
104.65	53
104.78	51
104.91	64
105.04	57
105.17	62
105.3	57
105.43	61
105.56	57
105.69	55
105.82	49
105.95	97
106.08	62
106.21	37
106.34	55
106.47	70
106.6	57
106.73	57
106.86	59
106.99	49
107.12	57
107.25	68
107.38	61
107.51	56
107.64	54
107.77	53
107.9	35
108.03	67
108.16	62
108.29	64
108.42	63
108.55	42
108.68	51
108.81	85
108.94	56
109.07	55
109.2	64
109.33	101
109.46	94
109.59	135
109.72	111
109.85	125
109.98	124
110.11	84
110.24	93
110.37	101
110.5	129
110.63	111
110.76	128
110.89	108
111.02	36
111.15	51
111.28	44
111.41	55
111.54	65
111.67	44
111.8	54
111.93	61
112.06	62
112.19	48
112.32	53
112.45	81
112.58	104
112.71	110
112.84	114
112.97	91
113.1	48
113.23	50
113.36	56
113.49	34
113.62	76
113.75	50
113.88	71
114.01	136
114.14	115
114.27	121
114.4	111
114.53	121
114.66	117
114.79	97
114.92	130
115.05	97
115.18	116
115.31	103
115.44	94
115.57	107
115.7	97
115.83	114
115.96	96
116.09	118
116.22	107
116.35	94
116.48	122
116.61	82
116.74	98
116.87	101
117	114
117.13	119
117.26	104
117.39	115
117.52	96
117.65	109
117.78	93
117.91	116
118.04	116
118.17	100
118.3	99
118.43	102
118.56	100
118.69	107
118.82	123
118.95	97
119.08	101
119.21	106
119.34	93
119.47	116
119.6	81
119.73	98
119.86	95
119.99	111
120.12	123
120.25	121
120.38	111
120.51	105
120.64	89
120.77	114
120.9	103
121.03	108
121.16	101
121.29	104
121.42	106
121.55	113
121.68	114
121.81	74
121.94	54
122.07	48
122.2	51
122.33	64
122.46	56
122.59	54
122.72	74
122.85	64
122.98	66
123.11	57
123.24	56
123.37	57
123.5	73
123.63	48
123.76	52
123.89	46
124.02	65
124.15	59
124.28	54
124.41	43
124.54	57
124.67	71
124.8	62
124.93	76
125.06	62
125.19	55
125.32	49
125.45	62
125.58	70
125.71	103
125.84	102
125.97	107
126.1	94
126.23	141
126.36	127
126.49	110
126.62	117
126.75	119
126.88	110
127.01	100
127.14	119
127.27	143
127.4	100
127.53	133
127.66	131
127.79	93
127.92	80
128.05	61
128.18	62
128.31	60
128.44	68
128.57	105
128.7	139
128.83	119
128.96	119
129.09	114
129.22	112
129.35	117
129.48	118
129.61	110
129.74	113
129.87	109
